130000000002520000000000002100000000000011670000000000000000000000000000
130025201002580002100050002150000116800011940000000000000000000000000000
130025801002640002150050002200000119500012220000000000000000000000000000
130026401002700002200050002250000122300012500000000000000000000000000000
130027001002760002250050002300000125100012780000000000000000000000000000
130027601002820002300050002350000127900013060012000000000000000000000000
130028201002880002350050002400000130700013330045000000000000000000000000
130028801002940002400050002450000133400013610069000000000000000000000000
130029401003000002450050002500000136200013890092000000000000000000000000
130030001003060002500050002550000139000014170115000000000000000000000000
130030601003120002550050002600000141800014440136000000000000000000000000
130031201003180002600050002650000144500014720157000000000000000000000000
130031801003240002650050002700000147300015000177000000000000000000000000
130032401003300002700050002750000150100015280199000000000000000000000000
130033001003360002750050002800000152900015560220000000000000000000000000
130033601003420002800050002850000155700015830240000000000000000000000000
130034201003480002850050002900000158400016110260000000000000000000000000
130034801003540002900050002950000161200016390281000000000000000000000000
130035401003600002950050003000000164000016670302000000000000000000000000
130036001003660003000050003050000166800016940322000000000000000000000000
130036601003720003050050003100000169500017220341000000000000000000000000
130037201003780003100050003150000172300017500361000000000000000000000000
130037801003840003150050003200000175100017780382000000000000000000000000
130038401003900003200050003250000177900018060401000000000000000000000000
130039001003960003250050003300000180700018330421000000000000000000000000
130039601004020003300050003350000183400018610440000000000000000000000000
130040201004080003350050003400000186200018890460000000000000000000000000
130040801004140003400050003450000189000019170480000000000000000000000000
130041401004200003450050003500000191800019440499000000000000000000000000
130042001004260003500050003550000194500019720517000000000000000000000000
130042601004320003550050003600000197300020000535000000000000000000000000
130043201004380003600050003650000200100020280552000000000000000000000000
130043801004440003650050003700000202900020560569000000000000000000000000
130044401004500003700050003750000205700020830586000000000000000000000000
130045001004560003750050003800000208400021110602000000000000000000000000
130045601004620003800050003850000211200021390618000000000000000000000000
130046201004680003850050003900000214000021670634000000000000000000000000
130046801004740003900050003950000216800021940651000000000000000000000000
130047401004800003950050004000000219500022220668000000000000000000000000
130048001004860004000050004050000222300022500683000500000000000000000000
130048601004920004050050004100000225100022780699000600000000000000000000
130049201004980004100050004150000227900023060714000700000000000000000000
130049801005040004150050004200000230700023330729000800000000000000000000
130050401005100004200050004250000233400023610744000900000000000000000000
130051001005160004250050004300000236200023890758001000000000000000000000
130051601005220004300050004350000239000024170773001100000000000000000000
130052201005280004350050004400000241800024440789001200000000000000000000
130052801005340004400050004450000244500024720803001200000000000000000000
130053401005400004450050004500000247300025000818001300000000000000000000
130054001005460004500050004550000250100025280832001400000000000000000000
130054601005520004550050004600000252900025560846001500000000000000000000
130055201005580004600050004650000255700025830859002100000000000000000000
130055801005640004650050004700000258400026110872003400000000000000000000
130056401005700004700050004750000261200026390886004700000000000000000000
130057001005760004750050004800000264000026670902005900000000000000000000
130057601005820004800050004850000266800026940916007100000000000000000000
130058201005880004850050004900000269500027220931008300000000000000000000
130058801005940004900050004950000272300027500945009500000000000000000000
130059401006000004950050005000000275100027780958010600000000000000000000
130060001006060005000050005050000277900028060973011800000000000000000000
130060601006120005050050005100000280700028330986012900000000000000000000
130061201006180005100050005150000283400028611000014000000000000000000000
130061801006240005150050005200000286200028891014015100000000000000000000
130062401006300005200050005250000289000029171027016200000000000000000000
130063001006360005250050005300000291800029441041017200000000000000000000
130063601006420005300050005350000294500029721054018300000000000000000000
130064201006480005350050005400000297300030001067019400000000000000000000
130064801006540005400050005450000300100030281081020600000000000000000000
130065401006600005450050005500000302900030561094021700000000000000000000
130066001006660005500050005550000305700030831107022800000000000000000000
130066601006720005550050005600000308400031111120023900000000000000000000
130067201006780005600050005650000311200031391132025000000000000000000000
130067801006840005650050005700000314000031671144026100000000000000000000
130068401006900005700050005750000316800031941156027100030000000000000000
130069001006960005750050005800000319500032221168028300130000000000000000
130069601007020005800050005850000322300032501179029400240000000000000000
130070201007080005850050005900000325100032781191030500340000000000000000
130070801007140005900050005950000327900033061202031600440000000000000000
130071401007200005950050006000000330700033331213032700540000000000000000
130072001007260006000050006050000333400033611223033800630000000000000000
130072601007320006050050006100000336200033891234034800730000000000000000
130073201007380006100050006150000339000034171245035900820000000000000000
130073801007440006150050006200000341800034441255037100910000000000000000
130074401007500006200050006250000344500034721266038301010000000000000000
130075001007560006250050006300000347300035001276039501090000000000000000
130075601007620006300050006350000350100035281286040601180000000000000000
130076201007680006350050006400000352900035561296041701270000000000000000
130076801007740006400050006450000355700035831305042801360000000000000000
130077401007800006450050006500000358400036111315043901460000000000000000
130078001007860006500050006550000361200036391324045001550000000000000000
130078601007920006550050006600000364000036671333046201640000000000000000
130079201007980006600050006650000366800036941342047301730000000000000000
130079801008040006650050006700000369500037221351048501820000000000000000
130080401008100006700050006750000372300037501360049601910000000000000000
130081001008160006750050006800000375100037781369050702000000000000000000
130081601008220006800050006850000377900038061377051802090006000000000000
130082201008280006850050006900000380700038331386052902190015000000000000
130082801008340006900050006950000383400038611395054102280024000000000000
130083401008400006950050007000000386200038891403055202370032000000000000
130084001008460007000050007050000389000039171411056302490041000000000000
130084601008520007050050007100000391800039441419057402600049000000000000
130085201008580007100050007150000394500039721427058402700057000000000000
130085801008640007150050007200000397300040001434059502800066000000000000
130086401008700007200050007250000400100040281442060502900074000000000000
130087001008760007250050007300000402900040561450061503000081000000000000
130087601008820007300050007350000405700040831457062503110089000000000000
130088201008880007350050007400000408400041111464063503210097000000000000
130088801008940007400050007450000411200041391472064503320105000000000000
130089401009000007450050007500000414000041671479065403420112000000000000
130090001009060007500050007550000416800041941486066403520120000000000000
130090601009120007550050007600000419500042221493067403620129000000000000
130091201009180007600050007650000422300042501500068403730137000000000000
130091801009240007650050007700000425100042781506069403840145000000000000
130092401009300007700050007750000427900043061513070403950153000000000000
130093001009360007750050007800000430700043331520071404060161000000000000
130093601009420007800050007850000433400043611528072404160168000000000000
130094201009480007850050007900000436200043891537073304270176000100000000
130094801009540007900050007950000439000044171545074304370184000900000000
130095401009600007950050008000000441800044441553075204480193001700000000
130096001009660008000050008050000444500044721561076104580201002400000000
130096601009720008050050008100000447300045001570077004680209003100000000
130097201009780008100050008150000450100045281577077904780217003900000000
130097801009840008150050008200000452900045561585078804880225004600000000
130098401009900008200050008250000455700045831593079704970233005300000000
130099001009960008250050008300000458400046111601080605070241006000000000
130099601010020008300050008350000461200046391608081405160250006700000000
130100201010080008350050008400000464000046671616082305260258007400000000
130100801010140008400050008450000466800046941624083205350267008100000000
130101401010200008450050008500000469500047221631084205440275008800000000
130102001010260008500050008550000472300047501639085105530283009400000000
130102601010320008550050008600000475100047781646086005620291010100000000
130103201010380008600050008650000477900048061654087005710299010900000000
130103801010440008650050008700000480700048331661087905800307011600000000
130104401010500008700050008750000483400048611668088805900316012300000000
130105001010560008750050008800000486200048891675089705990327013000000000
130105601010620008800050008850000489000049171682090606090337013700000000
130106201010680008850050008900000491800049441689091506180347014400000000
130106801010740008900050008950000494500049721697092406270357015100000000
130107401010800008950050009000000497300050001704093306360367015800040000
130108001010860009000050009050000500100050281710094106450376016600110000
130108601010920009050050009100000502900050561717095006540386017300180000
130109201010980009100050009150000505700050831724095806620395018100240000
130109801011040009150050009200000508400051111730096606710404018800310000
130110401011100009200050009250000511200051391737097506800413019500370000
130111001011160009250050009300000514000051671743098306880422020200440000
130111601011220009300050009350000516800051941749099206970431021000500000
130112201011280009350050009400000519500052221755100007060440021700560000
130112801011340009400050009450000522300052501762100807140449022500620000
130113401011400009450050009500000525100052781768101607230457023200680000
130114001011460009500050009550000527900053061774102407330466024000750000
130114601011520009550050009600000530700053331780103207420474024700800000
130115201011580009600050009650000533400053611786104007510483025500860000
130115801011640009650050009700000536200053891791104807590491026200930000
130116401011700009700050009750000539000054171797105607680499026901000000
130117001011760009750050009800000541800054441803106307770508027701060000
130117601011820009800050009850000544500054721809107107860517028501130000
130118201011880009850050009900000547300055001814107807940526029201190000
130118801011940009900050009950000550100055281820108608030534030001250000
130119401012000009950050010000000552900055561825109308110543030801320000
130120001012060010000050010050000555700055831831110108190552031601380000
130120601012120010050050010100000558400056111836110908270561032301440007
130121201012180010100050010150000561200056391841111708360570033101510013
130121801012240010150050010200000564000056671847112508440578033801580019
130122401012300010200050010250000566800056941852113208520587034501650024
130123001012360010250050010300000569500057221857114008600595035201710030
130123601012420010300050010350000572300057501862114808680604036201780036
130124201012480010350050010400000575100057781867115508760612037101840042
130124801012540010400050010450000577900058061872116208840620037901910047
130125401012600010450050010500000580700058331877117008920628038701980053
130126001012660010500050010550000583400058611882117709000636039502050059
130126601012720010550050010600000586200058891888118509080646040402120064
130127201012780010600050010650000589000059171893119309160654041202190070
130127801012840010650050010700000591800059441898120009240663042002260075
130128401012900010700050010750000594500059721903120709320672042802330081
130129001012960010750050010800000597300060001908121409400680043702400087
130129601013020010800050010850000600100060281913122109480689044502470093
130130201013080010850050010900000602900060561918122909560697045402540099
130130801013140010900050010950000605700060831924123609640706046302610105
130131401013200010950050011000000608400061111930124309720714047202690111
130132001013260011000050011050000611200061391936125009800722048002760117
130132601013320011050050011100000614000061671941125609880730048902830123
130133201013380011100050011150000616800061941946126309960738049702900129
130133801013440011150050011200000619500062221952127010040747050602970135
130134401013500011200050011250000622300062501958127710120755051403040142
130135001013560011250050011300000625100062781963128410200762052203110148
130135601013620011300050011350000627900063061969129110280771053103180154
130136201013680011350050011400000630700063331974129810350779053903250160
130136801013740011400050011450000633400063611979130410430787054703320167
130137401013800011450050011500000636200063891985131210510795055503390173
130138001013860011500050011550000639000064171990131810580804056303450179
130138601013920011550050011600000641800064441995132510650812057103520186
130139201013980011600050011650000644500064722001133210730820057903580192
130139801014040011650050011700000647300065002006133810800828058803670199
130140401014100011700050011750000650100065282011134510870836059603750205
130141001014160011750050011800000652900065562015135110940844060403820212
130141601014220011800050011850000655700065832021135811020852061203900218
130142201014280011850050011900000658400066112026136411090860062003990224
130142801014340011900050011950000661200066392030137011160867062804070231
130143401014400011950050012000000664000066672036137711230875063704150238
130144001014460012000050012050000666800066942040138311300883064404230245
130144601014520012050050012100000669500067222045138911370890065204310251
130145201014580012100050012150000672300067502050139511450898066104400258
130145801014640012150050012200000675100067782055140111520906066904480265
130146401014700012200050012250000677900068062059140711590913067604550271
130147001014760012250050012300000680700068332065141311660921068504630278
130147601014820012300050012350000683400068612069141911730928069204710284
130148201014880012350050012400000686200068892074142511790936070004790291
130148801014940012400050012450000689000069172079143211860943070904870297
130149401015000012450050012500000691800069442084143811930951071604940303
130150001015060012500050012550000694500069722089144312000958072405020310
130150601015120012550050012600000697300070002094145012070965073205090316
130151201015180012600050012650000700100070282098145612130973074005170322
130151801015240012650050012700000702900070562103146112200980074805240328
130152401015300012700050012750000705700070832108146812260988075605330334
130153001015360012750050012800000708400071112112147312330995076305410340
130153601015420012800050012850000711200071392116147912391002077105490346
130154201015480012850050012900000714000071672121148512451010077805570352
130154801015540012900050012950000716800071942126149112521017078605650358
130155401015600012950050013000000719500072222130149612581024079305730367
130156001015660013000050013050000722300072502135150212641031080105810375
130156601015720013050050013100000725100072782139150812711038080805880383
130157201015780013100050013150000727900073062143151312771045081505960390
130157801015840013150050013200000730700073332148151912841052082206040398
130158401015900013200050013250000733400073612152152412901059083006120406
130159001015960013250050013300000736200073892156153012961066083706190413
130159601016020013300050013350000739000074172160153613031073084506270421
130160201016080013350050013400000741800074442164154113091079085206340428
130160801016140013400050013450000744500074722168154713151086086006420435
130161401016200013450050013500000747300075002173155313211093086706490443
130162001016260013500050013550000750100075282177155813271099087506570450
130162601016320013550050013600000752900075562181156313331106088206640458
130163201016380013600050013650000755700075832185156913391112088906720465
130163801016440013650050013700000758400076112189157413451119089706790472
130164401016500013700050013750000761200076392193158013511125090406870480
130165001016560013750050013800000764000076672197158513571132091106940488
130165601016620013800050013850000766800076942201159013631139091807010496
130166201016680013850050013900000769500077222206159513681145092507090503
130166801016740013900050013950000772300077502211160113741152093207160511
130167401016800013950050014000000775100077782215160613801158093907230519
130168001016860014000050014050000777900078062219161213861164094607300526
130168601016920014050050014100000780700078332224161813921171095307380534
130169201016980014100050014150000783400078612228162313981177096007450541
130169801017040014150050014200000786200078892232162814041183096607520548
130170401017100014200050014250000789000079172237163414101190097307600556
130171001017160014250050014300000791800079442241163914151196098007670563
130171601017220014300050014350000794500079722245164414211202098607740570
130172201017280014350050014400000797300080002250164914271208099307820577
130172801017340014400050014450000800100080282254165414321214100007890584
130173401017400014450050014500000802900080562258165914381220100607960591
130174001017460014500050014550000805700080832263166514441227101308030599
130174601017520014550050014600000808400081112267167014491232102008100606
130175201017580014600050014650000811200081392271167514551239102608170613
130175801017640014650050014700000814000081672275168114611245103308240621
130176401017700014700050014750000816800081942279168614661251104008310628
130177001017760014750050014800000819500082222283169114721257104608380635
130177601017820014800050014850000822300082502287169714781263105308450643
130178201017880014850050014900000825100082782291170214831269105908520650
130178801017940014900050014950000827900083062295170714881275106508590657
130179401018000014950050015000000830700083332299171314941281107208660664
130180001018060015000050015050000833400083612303171915001287107808720671
130180601018120015050050015100000836200083892307172415051293108408790678
130181201018180015100050015150000839000084172310172915101298109008860685
130181801018240015150050015200000841800084442315173515161304109708930692
130182401018300015200050015250000844500084722318174115221310110308990699
130183001018360015250050015300000847300085002322174715271316110909060706
130183601018420015300050015350000850100085282326175315331322111609130713
130184201018480015350050015400000852900085562329175915381328112209200720
130184801018540015400050015450000855700085832333176515441333112809260727
130185401018600015450050015500000858400086112337177115491339113409330734
130186001018660015500050015550000861200086392340177715551345114009390741
130186601018720015550050015600000864000086672344178215601351114609460748
130187201018780015600050015650000866800086942348178815661357115309520755
130187801018840015650050015700000869500087222351179415721362115909590761
130188401018900015700050015750000872300087502355179915771368116509650768
130189001018960015750050015800000875100087782359180515841374117109710775
130189601019020015800050015850000877900088062362181115891379117709780782
130190201019080015850050015900000880700088332365181615951385118209840789
130190801019140015900050015950000883400088612369182216011391118809900796
130191401019200015950050016000000886200088892372182716071397119409970802
130192001019260016000050016050000889000089172376183316131402120010030809
130192601019320016050050016100000891800089442380183816191408120710100816
130193201019380016100050016150000894500089722383184416241414121210160823
130193801019440016150050016200000897300090002386184916301419121810220829
130194401019500016200050016250000900100090282390185416361425122410280836
130195001019560016250050016300000902900090562394185916421431123010340842
130195601019620016300050016350000905700090832397186516481437123610410849
130196201019680016350050016400000908400091112401187016541443124210470855
130196801019740016400050016450000911200091392404187516601449124810530862
130197401019800016450050016500000914000091672408188016651454125310590868
130198001019860016500050016550000916800091942411188616721461126010650874
130198601019920016550050016600000919500092222415189116771467126510710881
130199201019980016600050016650000922300092502418189516831473127110770887
130199801020040016650050016700000925100092782422190116891479127710830894
130200401020100016700050016750000927900093062425190616941485128310890900
130201001020160016750050016800000930700093332428191016991491128910950906
130201601020220016800050016850000933400093612432191617051497129511020913
130202201020280016850050016900000936200093892435192017111503130011080919
130202801020340016900050016950000939000094172438192517161509130611130925
130203401020400016950050017000000941800094442442193017221515131211200932
130204001020460017000050017050000944500094722445193517271520131811250938
130204601020520017050050017100000947300095002448194017321526132411310944
130205201020580017100050017150000950100095282451194517381532133111370950
130205801020640017150050017200000952900095562454194917431538133711430956
130206401020700017200050017250000955700095832457195417481543134211490962
130207001020760017250050017300000958400096112461195917541549134911550969
130207601020820017300050017350000961200096392464196317591555135511610975
130208201020880017350050017400000964000096672467196817641561136111670981
130208801020940017400050017450000966800096942470197317701567136811730987
130209401021000017450050017500000969500097222473197717751572137311790993
130210001021060017500050017550000972300097502476198217801578137911850999
130210601021120017550050017600000975100097782480198717851584138611911006
130211201021180017600050017650000977900098062483199117901589139211971012
130211801021240017650050017700000980700098332485199517951595139712031017
130212401021300017700050017750000983400098612489200018001601140412091024
130213001021360017750050017800000986200098892493200418051606140912151030
130213601021420017800050017850000989000099172496200818101611141512211035
130214201021480017850050017900000991800099442500201318151617142112281042
130214801021540017900050017950000994500099722503201718201622142712341048
130215401021600017950050018000000997300100002507202118251628143212401054
130216001021660018000050018050001000100100282510202618301634143812471060
130216601021720018050050018100001002900100562514203018341639144412531066
130217201021780018100050018150001005700100832517203418391644144912591072
130217801021840018150050018200001008400101112521203918441650145512651078
130218401021900018200050018250001011200101392525204318491655146112711084
130219001021960018250050018300001014000101672528204718531660146612771090
130219601022020018300050018350001016800101942531205118581665147212831096
130220201022080018350050018400001019500102222535205518631670147812891102
130220801022140018400050018450001022300102502539205918671675148312951108
130221401022200018450050018500001025100102782542206318721680148913011114
130222001022260018500050018550001027900103062546206818771686149513071121
130222601022320018550050018600001030700103332549207218811691150013131127
130223201022380018600050018650001033400103612552207518851695150513191133
130223801022440018650050018700001036200103892556208018901701151113251140
130224401022500018700050018750001039000104172559208418951706151713301146
130225001022560018750050018800001041800104442562208718991710152213361152
130225601022620018800050018850001044500104722566209219041716152813421158
130226201022680018850050018900001047300105002569209519081720153313481164
130226801022740018900050018950001050100105282572209919121725153813531170
130227401022800018950050019000001052900105562576210319171730154413591177
130228001022860019000050019050001055700105832579210719211735154913651183
130228601022920019050050019100001058400106112582211119251740155413701189
130229201022980019100050019150001061200106392586211519301745156013761195
130229801023040019150050019200001064000106672589211919341750156513811201
130230401023100019200050019250001066800106942592212219381754157013871207
130231001023160019250050019300001069500107222595212619431759157613921213
130231601023220019300050019350001072300107502598213019471764158113981219
130232201023280019350050019400001075100107782601213319511768158614031224
130232801023340019400050019450001077900108062605213719551773159114091231
130233401023400019450050019500001080700108332608214119591778159614141236
130234001023460019500050019550001083400108612611214419631782160114201242
130234601023520019550050019600001086200108892614214819681787160614251248
130235201023580019600050019650001089000109172617215219721791161114311254
130235801023700019650050019750001091800109722622215719781798161814391262
130237001023820019750050019850001097300110282628216519861807162914501274
130238201023940019850050019950001102900110832634217119941816163814601284
130239401024060019950050020050001108400111392640217920021825164814711296
130240601024180020050050020150001114000111942646218620101834165814821307
130241801024300020150050020250001119500112502651219220171842166714921317
130243001024420020250050020350001125100113062657219920251851167615021328
130244201024540020350050020450001130700113612663220620331859168615121339
130245401024660020450050020550001136200114172669221220401867169515221349
130246601024780020550050020650001141800114722674221920471876170415321360
130247801024900020650050020750001147300115282680222620551884171315421371
130249001025020020750050020850001152900115832685223220621892172215521382
130250201025140020850050020950001158400116392691223920691900173115611392
130251401025260020950050021050001164000116942697224520771908174015711403
130252601025380021050050021150001169500117502702225120831916174815801413
130253801025500021150050021250001175100118062707225820911924175715901423
130255001025620021250050021350001180700118612712226420981932176615991433
130256201025740021350050021450001186200119172717227021041939177416081443
130257401025860021450050021550001191800119722723227621111947178216181453
130258601025980021550050021650001197300120282728228221181954179116271463
130259801026100021650050021750001202900120832733228821251962179916351472
130261001026220021750050021850001208400121392738229421311969180716451482
130262201026340021850050021950001214000121942742229921381976181516531491
130263401026460021950050022050001219500122502747230521441984182316621501
130264601026580022050050022150001225100123062753231121511991183116711511
130265801026700022150050022250001230700123612757231721571998183816791520
130267001026820022250050022350001236200124172762232221642005184616881529
130268201026940022350050022450001241800124722767232821702012185416961538
130269401027060022450050022550001247300125282771233321762019186217041547
130270601027180022550050022650001252900125832776233921822026186917131556
130271801027300022650050022750001258400126392781234521892033187717211565
130273001027420022750050022850001264000126942785235021942039188417291574
130274201027540022850050022950001269500127502790235522012046189217371583
130275401027660022950050023050001275100128062795236122072053189917451591
130276601027780023050050023150001280700128612799236622122059190617531600
130277801027900023150050023250001286200129172803237122182066191317611608
130279001028020023250050023350001291800129722808237622242072192117691617
130280201028140023350050023450001297300130282812238122302079192717761625
130281401028260023450050023550001302900130832816238622362085193517841633
130282601028380023550050023650001308400131392821239122412092194217921642
130283801028500023650050023750001314000131942825239622472098194817991650
130285001028620023750050023850001319500132502829240122532104195518071658
130286201028740023850050023950001325100133062833240622582110196218141666
130287401028860023950050024050001330700133612837241122632116196918211674
130288601028980024050050024150001336200134172841241722692122197518291682
130289801029100024150050024250001341800134722846242222752128198218361690
130291001029220024250050024350001347300135282849242722802134198818431697
130292201029340024350050024450001352900135832854243222852140199518501705
130293401029460024450050024550001358400136392858243722902146200218571713
130294601029580024550050024650001364000136942861244222952152200818641720
130295801029700024650050024750001369500137502865244723012157201418711728
130297001029820024750050024850001375100138062869245223062163202118781735
130298201029940024850050024950001380700138612873245623112169202718841742
130299401030060024950050025050001386200139172877246123162174203318911750
130300601030180025050050025150001391800139722880246523212180203918981757
130301801030300025150050025250001397300140282884247023272185204519051764
130303001030420025250050025350001402900140832888247523322191205119111771
130304201030540025350050025450001408400141392892247923372196205719181778
130305401030660025450050025550001414000141942896248423422202206319241785
130306601030780025550050025650001419500142502900248923482207206919311793
130307801030900025650050025750001425100143062903249323522212207519371799
130309001031020025750050025850001430700143612907249823572218208119431806
130310201031140025850050025950001436200144172911250223632223208619501813
130311401031260025950050026050001441800144722915250723672228209219561820
130312601031380026050050026150001447300145282919251123722234209819621827
130313801031500026150050026250001452900145832923251623772239210319681833
130315001031620026250050026350001458400146392926252023822244210919741840
130316201031740026350050026450001464000146942930252423872250211519811846
130317401031860026450050026550001469500147502934252923922255212019871853
130318601031980026550050026650001475100148062938253323972261212619931860
130319801032100026650050026750001480700148612941253724012266213119991866
130321001032220026750050026850001486200149172945254124062271213720051873
130322201032340026850050026950001491800149722949254624112276214220111879
130323401032460026950050027050001497300150282952254924152281214720161885
130324601032580027050050027150001502900150832956255424202287215320221892
130325801032700027150050027250001508400151392960255824252292215920281898
130327001032820027250050027350001514000151942964256224302297216420341904
130328201032940027350050027450001519500152502968256624342302216920391910
130329401033060027450050027550001525100153062972257024382307217520451916
130330601033180027550050027650001530700153612975257424432312218120511923
130331801033300027650050027750001536200154172979257824472316218620561928
130333001033420027750050027850001541800154722983258224522321219120621934
130334201033540027850050027950001547300155282986258624562326219720671940
130335401033660027950050028050001552900155832990259024612331220220731946
130336601033780028050050028150001558400156392994259324652336220720781952
130337801033900028150050028250001564000156942997259724692341221220841958
130339001034020028250050028350001569500157503001260124732345221720901964
130340201034140028350050028450001575100158063004260524772350222220951969
130341401034260028450050028550001580700158613008260924822355222821001975
130342601034380028550050028650001586200159173011261224862359223321061981
130343801034500028650050028750001591800159723015261624902364223821121987
130345001034620028750050028850001597300160283018262024942368224221171992
130346201034740028850050028950001602900160833022262324982373224821221998
130347401034860028950050029050001608400161393025262725022377225321282003
130348601034980029050050029150001614000161943028263025062382225721332008
130349801035100029150050029250001619500162503032263425102386226221382014
130351001035220029250050029350001625100163063035263825142391226721432020
130352201035340029350050029450001630700163613038264125182395227221492026
130353401035460029450050029550001636200164173041264525222399227621542031
130354601035580029550050029650001641800164723045264825262404228121592037
130355801035700029650050029750001647300165283048265225302408228621642042
130357001035820029750050029850001652900165833051265525332412229021692047
130358201035940029850050029950001658400166393054265825372416229521742053
130359401036060029950050030050001664000166943058266225412420230021792058
130360601036180030050050030150001669500167503061266525452425230421842064
130361801036300030150050030250001675100168063064266825482429230921892069
130363001036420030250050030350001680700168613067267225522433231321942074
130364201036540030350050030450001686200169173070267525562437231821992080
130365401036660030450050030550001691800169723073267825592441232222032085
130366601036780030550050030650001697300170283076268225632445232722082090
130367801036900030650050030750001702900170833079268525672449233122132095
130369001037020030750050030850001708400171393082268825712453233522182100
130370201037140030850050030950001714000171943085269125742457234022222105
130371401037260030950050031050001719500172503088269425782461234422272110
130372601037380031050050031150001725100173063091269825812465234822322115
130373801037500031150050031250001730700173613094270125852469235322372121
130375001037620031250050031350001736200174173097270425882472235722412125
130376201037740031350050031450001741800174723100270725922476236122462130
130377401037860031450050031550001747300175283103271025952480236522502135
130378601037980031550050031650001752900175833105271325982484236922542140
130379801038100031650050031750001758400176393108271626022487237322592145
130381001038220031750050031850001764000176943111272026052491237722642150
130382201038340031850050031950001769500177503114272326092495238222682155
130383401038460031950050032050001775100178063117272626122499238522722159
130384601038580032050050032150001780700178613119272926152502238922772164
130385801038700032150050032250001786200179173122273226182506239422812169
130387001038820032250050032350001791800179723125273526212509239722852173
130388201038940032350050032450001797300180283128273926252513240122902178
130389401039060032450050032550001802900180833130274226282517240522942182
130390601039180032550050032650001808400181393133274526312520240922982187
130391801039300032650050032750001814000181943136274826352524241323022191
130393001039420032750050032850001819500182503138275126382527241723062196
130394201039540032850050032950001825100183063141275426422531242123112201
130395401039660032950050033050001830700183613143275726452534242423152205
130396601039780033050050033150001836200184173146276026482538242823192209
130397801039900033150050033250001841800184723149276326512541243223232214
130399001040020033250050033350001847300185283151276626552545243623272218
130400201040140033350050033450001852900185833154276926582548243923312222
130401401040260033450050033550001858400186393156277226612551244323352227
130402601040380033550050033650001864000186943159277526652555244723392231
130403801040500033650050033750001869500187503161277726682558245023432235
130405001040620033750050033850001875100188063164278026712561245423472240
130406201040740033850050033950001880700188613166278326742565245823512244
130407401040860033950050034050001886200189173169278626772568246123552248
130408601040980034050050034150001891800189723171278926802572246523582252
130409801041100034150050034250001897300190283174279226842575246823622256
130411001041220034250050034350001902900190833176279526872579247223662261
130412201041340034350050034450001908400191393178279726902582247523702265
130413401041460034450050034550001914000191943181280026932585247923742269
130414601041580034550050034650001919500192503183280326962589248223772273
130415801041700034650050034750001925100193063186280626992592248623812277
130417001041820034750050034850001930700193613188280827022595248923852281
130418201041940034850050034950001936200194173190281127052599249323892285
130419401042060034950050035050001941800194723193281427082602249623922289
130420601042180035050050035150001947300195283195281627112605250023962293
130421801042300035150050035250001952900195833197281927142609250323992297
130423001042420035250050035350001958400196393200282227172612250724032301
130424201042540035350050035450001964000196943202282427202615251124072305
130425401042660035450050035550001969500197503204282727222618251424102308
130426601042780035550050035650001975100198063206283027252621251724142312
130427801042900035650050035750001980700198613209283327282625252124172316
130429001043020035750050035850001986200199173211283527312628252424212320
130430201043140035850050035950001991800199723213283827342631252824252323
130431401043260035950050036050001997300200283215284127372634253124282327
130432601043380036050050036150002002900200833217284427402637253524322331
130433801043500036150050036250002008400201393219284627422640253824352334
130435001043620036250050036350002014000201943222284927452643254124392338
130436201043740036350050036450002019500202503224285227482646254524432342
130437401043860036450050036550002025100203063226285427512649254824462345
130438601043980036550050036650002030700203613228285727532652255124502349
130439801044100036650050036750002036200204173230286027562655255424532353
130441001044220036750050036850002041800204723232286227592658255824572356
130442201044340036850050036950002047300205283234286527622661256124602360
130443401044460036950050037050002052900205833236286727652664256424642364
130444601044580037050050037150002058400206393239287027682667256724682368
130445801044700037150050037250002064000206943241287327712670257124712371
130447001044820037250050037350002069500207503242287527742673257424742375
130448201044940037350050037450002075100208063245287827772676257724782379
130449401045060037450050037550002080700208613247288027792679258024812382
130450601045180037550050037650002086200209173249288327822681258324842386
130451801045300037650050037750002091800209723251288527852684258624882390
130453001045420037750050037850002097300210283253288827882688258924912393
130454201045540037850050037950002102900210833256289027912691259224952397
130455401045660037950050038050002108400211393258289327932693259524982400
130456601045780038050050038150002114000211943260289527962697259825012404
130457801045900038150050038250002119500212503262289827992700260125042408
130459001046020038250050038350002125100213063264290028012702260425082411
130460201046140038350050038450002130700213613266290228042705260725112414
130461401046260038450050038550002136200214173268290528072708261025142418
130462601046380038550050038650002141800214723271290728092711261325172421
130463801046500038650050038750002147300215283272291028122714261625202425
130465001046620038750050038850002152900215833275291228142717261925242428
130466201046740038850050038950002158400216393277291428172720262325272432
130467401046860038950050039050002164000216943279291728202722262525302435
130468601046980039050050039150002169500217503281291928222725262925332438
130469801047100039150050039250002175100218063283292128252728263225362442
130471001047220039250050039350002180700218613285292428272731263525392445
130472201047340039350050039450002186200219173287292628302734263825422448
130473401047460039450050039550002191800219723289292828322737264125452452
130474601047580039550050039650002197300220283291293128352739264425482455
130475801047700039650050039750002202900220833293293328372742264725512458
130477001047820039750050039850002208400221393295293528402745265025552461
130478201047940039850050039950002214000221943297293728422748265325582465
130479401048060039950050040050002219500222503299294028452750265625612468
130480601048180040050050040150002225100223063301294228472753265825642471
130481801048300040150050040250002230700223613303294428502756266125672474
130483001048420040250050040350002236200224173305294628522758266425702477
130484201048540040350050040450002241800224723306294828542761266725732480
130485401048660040450050040550002247300225283308295028572764267025772484
130486601048780040550050040650002252900225833310295328592766267325802487
130487801048900040650050040750002258400226393312295528622769267625832490
130489001049020040750050040850002264000226943314295728642771267925862493
130490201049140040850050040950002269500227503316295928672774268125892496
130491401049260040950050041050002275100228063318296128692777268425922500
130492601049380041050050041150002280700228613320296328712779268725952503
130493801049500041150050041250002286200229173322296528732782269025982506
130495001049620041250050041350002291800229723323296728762784269326012509
130496201049740041350050041450002297300230283325297028782787269526042513
130497401049860041450050041550002302900230833327297228802789269826072515
130498601049980041550050041650002308400231393329297428832792270126102519
130499801050100041650050041750002314000231943331297628852794270326132522
130501001050220041750050041850002319500232503332297828872797270626152525
130502201050340041850050041950002325100233063334298028892799270926182528
130503401050460041950050042050002330700233613336298228922802271126212531
130504601050580042050050042150002336200234173338298428942804271426242534
130505801050700042150050042250002341800234723339298628962806271726272537
130507001050820042250050042350002347300235283341298828982809271926302540
130508201050940042350050042450002352900235833343299029012811272226332544
130509401051060042450050042550002358400236393345299229032814272426352546
130510601051180042550050042650002364000236943346299429052816272726382549
130511801051300042650050042750002369500237503348299629072818273026412552
130513001051420042750050042850002375100238063350299829092821273226442556
130514201051540042850050042950002380700238613352299929112823273526472558
130515401051660042950050043050002386200239173353300129132825273726492561
130516601051780043050050043150002391800239723355300329162828274026522564
130517801051900043150050043250002397300240283357300529182830274226552567
130519001052020043250050043350002402900240833358300729202832274526582570
130520201052140043350050043450002408400241393360300929222835274726602573
130521401052260043450050043550002414000241943362301129242837275026632576
130522601052380043550050043650002419500242503363301329262839275226662579
130523801052500043650050043750002425100243063365301529282841275526682582
130525001052620043750050043850002430700243613367301729302844275726712585
130526201052740043850050043950002436200244173368301929322846276026742587
130527401052860043950050044050002441800244723370302029342848276226762590
130528601052980044050050044150002447300245283372302229362850276526792593
130529801053100044150050044250002452900245833373302429382853276726812596
130531001053220044250050044350002458400246393375302629402855276926842598
130532201053340044350050044450002464000246943376302829422857277226872601
130533401053460044450050044550002469500247503378302929442859277426892604
130534601053580044550050044650002475100248063380303129462862277726922607
130535801053700044650050044750002480700248613381303329482864277926942609
130537001053820044750050044850002486200249173383303529502866278126972612
130538201053940044850050044950002491800249723384303729522868278426992615
130539401054060044950050045050002497300250283386303829542870278627022618
130540601054180045050050045150002502900250833387304029562872278827042620
130541801054300045150050045250002508400251393389304229582874279127072623
130543001054420045250050045350002514000251943390304429602876279327092626
130544201054540045350050045450002519500252503392304529622878279527122628
130545401054660045450050045550002525100253063393304729642881279727142631
130546601054780045550050045650002530700253613395304929662883280027172634
130547801054900045650050045750002536200254173396305029672885280227192636
130549001055020045750050045850002541800254723398305229692887280427212639
130550201055140045850050045950002547300255283399305429712889280627242641
130551401055260045950050046050002552900255833401305629732891280927262644
130552601055380046050050046150002558400256393402305729752893281127292646
130553801055500046150050046250002564000256943404305929772895281327312649
130555001055620046250050046350002569500257503405306029792897281527332652
130556201055740046350050046450002575100258063407306229802899281727362654
130557401055860046450050046550002580700258613408306429822901281927382657
130558601055980046550050046650002586200259173410306529842903282227402659
130559801056100046650050046750002591800259723411306729862905282427432662
130561001056220046750050046850002597300260283412306929882907282627452664
130562201056340046850050046950002602900260833414307029902909282827472667
130563401056460046950050047050002608400261393415307229912911283027502669
130564601056580047050050047150002614000261943417307329932913283227522672
130565801056700047150050047250002619500262503418307529952915283427542674
130567001056820047250050047350002625100263063420307729972917283727572677
130568201056940047350050047450002630700263613421307829982919283927592679
130569401057060047450050047550002636200264173422308030002920284127612681
130570601057180047550050047650002641800264723424308130022922284327632684
130571801057300047650050047750002647300265283425308330042924284527662686
130573001057420047750050047850002652900265833426308430052926284727682688
130574201057540047850050047950002658400266393428308630072928284927702691
130575401057660047950050048050002664000266943429308830092930285127722693
130576601057780048050050048150002669500267503431308930112932285327742696
130577801057900048150050048250002675100268063432309130122934285527762698
130579001058020048250050048350002680700268613433309230142935285727792700
130580201058260048350050048550002686200269723435309430162938286027822704
130582601058500048550050048750002697300270833438309830202942286427862709
130585001058740048750050048950002708400271943441310030232946286827912713
130587401058980048950050049150002719500273063443310330262949287227952718
130589801059220049150050049350002730700274173446310630302953287627992722
130592201059460049350050049550002741800275283448310930332956288028032727
130594601059700049550050049750002752900276393451311230362960288428072731
130597001059940049750050049950002764000277503453311530392963288728112735
130599401060180049950050050150002775100278613456311830422967289128162740
130601801060420050150050050350002786200279723458312130452970289528192744
130604201060660050350050050550002797300280833461312430482973289828232748
130606601060900050550050050750002808400281943463312730522977290228272753
130609001061140050750050050950002819500283063466313030552980290628312757
130611401061380050950050051150002830700284173468313330582984290928352761
130613801061620051150050051350002841800285283471313630612987291328392765
130616201061860051350050051550002852900286393473313930642990291728432769
130618601062100051550050051750002864000287503475314230672993292028472773
130621001062340051750050051950002875100288613478314530712996292328502777
130623401062580051950050052150002886200289723480314830743000292728542782
130625801062820052150050052350002897300290833482315130773003293028582786
130628201063060052350050052550002908400291943485315430803007293428622790
130630601063300052550050052750002919500293063487315730833010293728652793
130633001063540052750050052950002930700294173489316030873013294128692798
130635401063780052950050053150002941800295283491316230903017294428732801
130637801064020053150050053350002952900296393494316530933020294728762805
130640201064260053350050053550002964000297503496316830963023295128802809
130642601064500053550050053750002975100298613498317130993027295428832813
130645001064740053750050053950002986200299723500317431023030295828872817
130647401064980053950050054150002997300300833502317731053033296228902820
130649801065220054150050054350003008400301943504318031083036296528942824
130652201065460054350050054550003019500303063506318331113040296828972828
130654601065700054550050054750003030700304173509318631143043297229012831
130657001065940054750050054950003041800305283511318931173046297529052835
130659401066180054950050055150003052900306393513319231203049297929082839
130661801066420055150050055350003064000307503515319531233052298229122842
130664201066660055350050055550003075100308613517319831263055298529162846
130666601066900055550050055750003086200309723519320131303059298929192850
130669001067140055750050055950003097300310833521320331333062299229232854
130671401067380055950050056150003108400311943523320631363065299529262857
130673801067620056150050056350003119500313063525320931393069299929302861
130676201067860056350050056550003130700314173527321231423072300229332865
130678601068100056550050056750003141800315283529321431453075300529372868
130681001068340056750050056950003152900316393531321731483078300929402872
130683401068580056950050057150003164000317503533322031513081301229442876
130685801068820057150050057350003175100318613535322231543085301629472879
130688201069060057350050057550003186200319723537322531573088301929502883
130690601069300057550050057750003197300320833538322831593091302229542886
130693001069540057750050057950003208400321943540323031623094302629572890
130695401069780057950050058150003219500323063542323331653097302929612893
130697801070020058150050058350003230700324173544323631683100303229642897
130700201070260058350050058550003241800325283546323831713103303529682900
130702601070500058550050058750003252900326393548324131733106303929712904
130705001070740058750050058950003264000327503551324331763109304229752908
130707401070980058950050059150003275100328613552324631793112304529782911
130709801071220059150050059350003286200329723555324831823115304829822915
130712201071460059350050059550003297300330833557325131843118305129852919
130714601071700059550050059750003308400331943559325331873121305429882922
130717001071940059750050059950003319500333063561325631903124305829922926
130719401072180059950050060150003330700334173563325831923126306129952929
130721801072420060150050060350003341800335283565326131953129306429982933
130724201072660060350050060550003352900336393567326331983132306730022936
130726601072900060550050060750003364000337503569326532003135307030052940
130729001073140060750050060950003375100338613570326832033138307330082943
130731401073380060950050061150003386200339723572327032053141307630112946
130733801073620061150050061350003397300340833574327232083143307930142950
130736201073860061350050061550003408400341943576327532103146308230172953
130738601074100061550050061750003419500343063578327732133149308530212957
130741001074340061750050061950003430700344173580327932153151308830242960
130743401074580061950050062150003441800345283582328232183154309130272963
130745801074820062150050062350003452900346393584328432203157309330302967
130748201075060062350050062550003464000347503585328632233159309630332970
130750601075300062550050062750003475100348613587328832253162309930362973
130753001075540062750050062950003486200349723589329032283165310230392976
130755401075780062950050063150003497300350833591329332303167310530422980
130757801076020063150050063350003508400351943593329532323170310730452983
130760201076260063350050063550003519500353063595329732353173311030482986
130762601076500063550050063750003530700354173596329932373175311330512989
130765001076740063750050063950003541800355283598330132393178311630542992
130767401076980063950050064150003552900356393600330332423180311830572995
130769801077220064150050064350003564000357503602330632443183312130602998
130772201077460064350050064550003575100358613603330832463185312430633001
130774601077700064550050064750003586200359723605331032493188312630653004
130777001077940064750050064950003597300360833607331232513190312930683007
130779401078180064950050065150003608400361943609331432533193313230713010
130781801078420065150050065350003619500363063610331632563195313430743013
130784201078660065350050065550003630700364173612331832583197313730773016
130786601078900065550050065750003641800365283613332032603200314030793019
130789001079140065750050065950003652900366393615332232623202314230823022
130791401079380065950050066150003664000367503617332432643204314530853025
130793801079620066150050066350003675100368613619332632673207314730883028
130796201079860066350050066550003686200369723620332832693209315030903031
130798601080100066550050066750003697300370833622333032713212315230933034
130801001080340066750050066950003708400371943623333232733214315530963037
130803401080580066950050067150003719500373063625333432753216315730983039
130805801080820067150050067350003730700374173627333632773218316031013042
130808201081060067350050067550003741800375283628333832793221316231043045
130810601081300067550050067750003752900376393630334032813223316531063048
130813001081540067750050067950003764000377503631334232833225316731093051
130815401081780067950050068150003775100378613633334432863228316931113053
130817801082020068150050068350003786200379723634334532883230317231143056
130820201082260068350050068550003797300380833636334732903232317431163059
130822601082500068550050068750003808400381943637334932923234317731193061
130825001082740068750050068950003819500383063639335132943236317931213064
130827401082980068950050069150003830700384173640335332963238318131243067
130829801083220069150050069350003841800385283642335532983241318431263069
130832201083460069350050069550003852900386393644335733003243318631293072
130834601083700069550050069750003864000387503645335833023245318831313075
130837001083940069750050069950003875100388613646336033033247319031343077
130839401084180069950050070150003886200389723648336233053249319331363080
130841801084420070150050070350003897300390833649336433073251319531393082
130844201084660070350050070550003908400391943651336533093253319731413085
130846601084900070550050070750003919500393063652336733113255319931433088
130849001085140070750050070950003930700394173654336933133257320231463090
130851401085380070950050071150003941800395283655337133153259320431483093
130853801085620071150050071350003952900396393657337233173262320631513095
130856201085860071350050071550003964000397503658337433193264320831533098
130858601086100071550050071750003975100398613659337633213265321031553100
130861001086340071750050071950003986200399723661337733233268321331583103
130863401086580071950050072150003997300400833661337933243269321531603105
130865801086820072150050072350004008400401943662338133263272321731623108
130868201087060072350050072550004019500403063663338233283273321931643110
130870601087300072550050072750004030700404173664338433303275322131673112
130873001087540072750050072950004041800405283665338633323277322331693115
130875401087780072950050073150004052900406393666338733333279322531713117
130877801088020073150050073350004064000407503667338933353281322731733119
130880201088260073350050073550004075100408613668339133373283322931763122
130882601088500073550050073750004086200409723669339233393285323131783124
130885001088740073750050073950004097300410833670339433403287323331803126
130887401088980073950050074150004108400411943671339633423289323631823129
130889801089220074150050074350004119500413063672339733443291323831843131
130892201089460074350050074550004130700414173673339933463293323931863133
130894601089700074550050074750004141800415283674340133473294324231893136
130897001089940074750050074950004152900416393674340233493296324331913138
130899401090180074950050075150004164000417503675340433513298324631933140
130901801090420075150050075350004175100418613676340633523300324731953142
130904201090660075350050075550004186200419723677340833543302324931973145
130906601090900075550050075750004197300420833678340933563304325131993147
130909001091140075750050075950004208400421943679341133583305325332013149
130911401091380075950050076150004219500423063680341333603307325532033151
130913801091620076150050076350004230700424173680341433623309325732053153
130916201091860076350050076550004241800425283681341633633311325932073156
130918601092100076550050076750004252900426393682341833653313326132093158
130921001092340076750050076950004264000427503683342033673315326332113160
130923401092580076950050077150004275100428613684342133693317326532133162
130925801092820077150050077350004286200429723685342333713318326632153164
130928201093060077350050077550004297300430833686342533723320326832173166
130930601093300077550050077750004308400431943686342633743322327032193168
130933001093540077750050077950004319500433063687342833763324327232213171
130935401093780077950050078150004330700434173688342933783326327432233173
130937801094020078150050078350004341800435283689343133803328327732253175
130940201094260078350050078550004352900436393690343333813330327832273177
130942601094500078550050078750004364000437503691343433833332328132293179
130945001094740078750050078950004375100438613691343633853334328232313181
130947401094980078950050079150004386200439723692343733863335328432333183
130949801095220079150050079350004397300440833693343933883337328632363185
130952201095460079350050079550004408400441943694344133903339328832383187
130954601095700079550050079750004419500443063695344233923341329032403189
130957001095940079750050079950004430700444173695344433933343329232423191
130959401096180079950050080150004441800445283696344533953345329432443194
130961801096420080150050080350004452900446393697344733973346329632463196
130964201096660080350050080550004464000447503698344833983348329832483198
130966601096900080550050080750004475100448613698345034003350330032503200
130969001097140080750050080950004486200449723699345134013352330232523202
130971401097380080950050081150004497300450833700345334033353330432543204
130973801097620081150050081350004508400451943701345434053355330632563206
130976201097860081350050081550004519500453063701345634063357330732583208
130978601098100081550050081750004530700454173702345734083359330932603210
130981001098340081750050081950004541800455283703345934103360331132623213
130983401098580081950050082150004552900456393704346034113362331332643215
130985801098820082150050082350004564000457503704346234133364331532663217
130988201099060082350050082550004575100458613705346334143366331732683219
130990601099300082550050082750004586200459723706346534163367331832703221
130993001099540082750050082950004597300460833707346634183369332032723223
130995401099780082950050083150004608400461943707346834193371332232733225
130997801999999983150059999999004619500999993708346934213372332432753227
